3.050836829426339936e-02
4.194086011396057634e-01
8.776921490738175402e-01
7.135028129319680446e-01
3.239823216987239851e-01
7.653297869817203836e-01
2.467568119023012541e-01
9.325032019529462257e-01
3.076937046871481840e-01
8.939919210333937549e-01
1.161114053524159306e-02
3.016653725163684907e-01
5.747355202328910950e-01
4.003704673813471837e-01
4.966052671723295564e-01
3.268208424427793135e-01
2.894819699303740057e-01
5.482742809766437686e-01
8.559335246091470673e-02
3.289536460436581766e-02
1.044297956960249518e-01
4.755628857205917992e-02
7.463765809575577670e-01
3.961186121041812003e-01
2.391001819109997983e-01
8.751189902070861670e-01
5.956867726258923135e-01
2.802747328578335528e-01
9.286514676249242317e-01
3.962172983222811418e-01
4.541650895300515245e-01
9.073163782470673455e-01
6.164461130131503319e-01
4.215371265615542873e-01
4.021603015739148024e-01
1.707961208350144977e-01
1.047609320059086357e-01
7.439372523604097509e-01
9.450200878823546979e-01
2.359576233865928740e-01
2.007233777630716975e-01
8.087979115966081878e-01
5.765641448796773316e-01
5.793350335332846379e-01
1.500390712179248132e-01
9.785736105687472541e-01
4.842681491310723008e-01
8.126653128000735915e-01
2.114212852254553354e-01
1.496772816983542587e-01
2.038785434873610081e-01
4.616789544874668749e-01
9.264548928074888279e-01
8.981574905854301516e-01
3.633572153508635161e-02
1.623320414299531667e-01
8.182528961606967410e-01
7.259390841736599320e-01
7.490152715748895629e-01
6.639882085940795875e-02
8.182287808198596135e-02
3.452873758892842648e-01
6.564125014718789064e-01
4.779324222405625378e-01
1.126001456727258043e-01
5.083249091739194814e-02
5.562428167017776648e-01
7.063959971264504034e-01
9.972238498590790812e-02
2.427614274632358127e-01
4.627270371602631993e-02
8.492497661082542004e-01
9.473717355426444220e-01
3.165247962929190750e-01
2.038479086043426536e-01
9.369941239125364474e-01
5.903137623469612016e-03
6.831946537622347604e-01
2.358312789655763186e-01
2.517786519501227227e-01
5.742351911239660378e-01
3.948891862691041865e-01
4.436968216306271806e-01
5.862600073343188223e-01
1.483137710960377165e-01
5.286875475002713598e-01
4.495496022867462305e-02
9.342650145895659008e-01
9.824370944571015896e-01
7.773216985420065006e-01
8.553636938609767704e-01
3.230250165446246768e-02
8.071092173053169283e-01
6.993695323482738146e-01
4.575726617778929084e-01
8.367683568792475546e-01
6.317949709112703482e-01
8.462711705248932015e-01
4.771064813490433210e-02
8.432952285594030872e-02
